Precious =  0.8065670819852688
Recall =  0.7858333652703791
F-Score =  0.7960652428164475