Precious =  0.7843118091459065
Recall =  0.7688843751197639
F-Score =  0.776521474084503