Precious =  0.8034737794563122
Recall =  0.7827195033150653
F-Score =  0.7929608634881192